14
1
2 12 0 0
10 2 9
2 1 5 0 0 
2 5 9 0 0 
2.787465 1.131063
-0.326645 0.586046
-2.851940 -1.113048
-0.968610 2.507653
-3.343781 1.235666
-1.525966 -1.572126
3.083680 -1.030753
2.796185 -0.929080
-1.280850 1.004965
1.495152 -1.929062
0.960393
-1.395326
-0.906428
-2.804344
-0.038309
-1.806293
-0.212555
-1.788385
-0.334473
4.834356
0.044318 0.357302 -0.086420 0.308594 -1.395003 -0.264878 0.368744 -0.490241 -0.773591 -1.208977
0.203408 -0.145307 0.016275 0.127226 -2.132428 -0.295367 0.317975 -0.676633 -0.537266 -2.312093
-0.015096 -0.053058 -0.516935 0.082359 -1.623677 0.115115 0.957131 -0.585646 -0.428114 -2.219790
-0.200932 -0.466767 -0.608533 0.135509 -1.216482 -0.051663 1.029467 -0.680610 -0.422966 -2.262996
-0.643452 -0.496603 -0.017357 -0.208984 0.300979 -0.613374 0.386552 0.144629 0.632562 -0.221783
-0.139397 -0.424218 0.397516 -0.033609 0.347435 -0.523993 0.143877 0.052224 0.284172 -0.086913
-0.444555 -0.347653 -0.064761 -0.034751 0.288855 -0.373363 0.273153 0.015099 0.234612 -0.110715
-0.015174 -0.286199 0.383968 -0.043029 0.266537 -0.454510 0.218877 0.048422 0.250154 -0.080211
0.962902 0.198248 -0.914270 0.098746 -2.399392 -1.200669 2.201906 -0.814684 0.638530 -5.151694
-0.112511
-0.029838
-0.094907
-0.000197
0.177774
0.307583
0.200617
0.160873
0.832237
